=========================================================
 Unified Execution Row Schedule (Write Address Decoder)
 Use this to map generated parity bits to the codeword.
=========================================================

--- BG1 Schedule (Executes First) ---
Raw indices:
[0, 1, 2, 3, 10, 7, 33, 28, 9, 30, 6, 12, 24, 4, 16, 40, 34, 14, 11, 17, 42, 26, 36, 32, 13, 20, 21, 44, 29, 37, 23, 43, 18, 15, 38, 22, 25, 19, 27, 31, 39, 8, 41, 5, 45, 35]

Packed 24-bit words:
[794688, 7475658, 3172233, 10551576, 4502434, 8537770, 11621645, 11368797, 5923794, 8238297, 1479207, 9361645]

--- BG2 Schedule (Executes Second) ---
Raw indices:
[0, 1, 2, 3, 13, 19, 21, 31, 17, 28, 32, 41, 12, 25, 9, 23, 24, 16, 8, 22, 39, 36, 33, 37, 30, 38, 7, 26, 20, 29, 4, 15, 6, 18, 11, 34, 5, 14, 27, 10, 35, 40]

Packed 24-bit words:
[794688, 8213709, 10880785, 6067788, 5800984, 9836839, 6846878, 3950420, 8959110, 2732933, 10631715]

